2.911146678521880360e-01
2.722623588373073722e-01
1.452929272574449149e-02
9.813538952133529780e-02
3.466238301610729544e-01
1.795797153456670792e-01
-9.615642586803264946e-02
1.217044030943789656e-01
-9.446379592537280934e-03
2.959528419160968316e-01
-6.075568062766445454e-01
-8.245856183138529083e-01
-3.250972418324536428e-01
1.962234363049338848e-01
-2.113375967080413365e-01
2.184137977479123083e-01
4.509418232662008030e-01
4.092979349520906585e-01
3.727241228238553084e-01
6.101684707944373676e-01
6.452148651131861534e-01
5.519882591250646620e-01
7.698010167260579406e-01
8.136310523413485818e-01
8.529515258742879080e-01
7.208619261481089557e-01
8.583816542829727503e-01
4.364188250023626203e-01
4.229331289337339150e-01
4.148832364019082730e-01
2.622236689112648067e-01
5.188292602003959919e-01
5.104905089014895037e-01
5.816827820352961087e-01
5.283498987667003544e-01
3.389533539211920798e-01
5.884152252920626935e-01
4.680722710774918860e-01
4.915717051521090730e-01
5.448930974023322715e-01
6.263858469599012935e-01
8.877167154110343628e-01
7.024904987129941825e-01
3.531471222707604496e-01
2.861679276635766267e-01
8.466113644228255575e-02
3.301887497932322058e-01
5.457418001528370199e-01
5.950935433464243918e-01
5.320039677701745573e-01
1.957576082821225749e-01
1.353209354160068711e-01
-1.007635237292693470e-01
3.000906278554344997e-01
6.609548556747538162e-02
3.359263620173479348e-01
3.293134563943269089e-01
1.335892984198268352e-01
5.976529121622328189e-01
6.606966159238990555e-01
6.758764583077766508e-01
1.224985805876534495e-01
-7.532148075308725543e-02
3.157848381262964854e-02
2.299656323216924259e-01
-5.557287599043902321e-02
-3.663026527895399398e-02
-2.530368992560104724e-01
-4.664743464143271678e-01
-4.756085750184333993e-01
-4.656046554321449649e-02
-2.998427018124390497e-01
1.415156407745909832e-02
-5.413156643888525354e-02
4.973413223989441301e-01
-1.523199693651646758e-01
1.459237194500229429e-01
5.614516988839013401e-01
7.536532738263398423e-01
5.844059055966466243e-01
5.785548866791182521e-01
8.916123215358354726e-01
7.617182618626550106e-01
4.516621970578924006e-01
8.804168166434741538e-01
1.033280589117747006e+00
1.121835376814301011e+00
1.071455383440869769e+00
9.895280349572255219e-01
1.059054450276758041e+00
1.106932117854371178e+00
9.393725197046591813e-01
7.188930234414266929e-01
8.787870413290581606e-01
2.323177432565916578e-01
3.517460808079753143e-01
4.975035408678588622e-01
5.801105407861533170e-01
6.690477882119265640e-01
6.277472971248418965e-01
7.881608566184432618e-01
7.785848004521419563e-01
8.756841142280189505e-01
6.229091614182574732e-01
6.694238756284577319e-01
9.225467682401332636e-01
1.119580955238506537e+00
1.214807706545255162e+00
1.181298852846208725e+00
8.385755320037310279e-01
8.917997118693097303e-01
7.813750078632462071e-01
1.005530817439185265e+00
-1.251939877202916107e-01
-4.814213802744611304e-01
-4.715560157000062147e-01
-3.413744570896936614e-01
-3.330295344662924650e-01
-2.563541495656112001e-01
1.817431895053556734e-01
2.541697596400411263e-01
-8.134832994361511360e-02
-2.366392229900509958e-01
1.364630418107511678e-01
1.147096412051030467e-01
2.122119737194114730e-01
4.607167576045859692e-01
5.787440005869839421e-01
7.632901633421045329e-01
5.698211680400160351e-01
9.352423134262147775e-01
1.256838597628378684e+00
1.211499009029955776e+00
1.194257320500771380e+00
1.156960391390227771e+00
1.392676549939852571e+00
8.052925872394088858e-01
7.717119231967721760e-01
1.259516869265626005e+00
7.646456430721789710e-01
1.017814254917405403e+00
-1.158225763680555520e+00
-1.536187657879650725e+00
3.549699515852642318e-01
7.951509449883652492e-01
-1.504701692964833581e+00
5.762161732444492923e-01
2.881705662570289150e-01
6.850022932130946929e-01
-2.353460530188885791e+00
-2.469931384581287137e+00
-1.374624412251564509e+00
-1.002788090488307526e+00
-1.830227293298398283e+00
-1.481580155021343437e+00
-2.429191599145436697e+00
-1.792006769344082651e+00
-1.653673986122413009e+00
-1.674462650130443153e+00
-2.257844773382631232e+00
-2.505494466729743852e+00
-1.831300362095315659e+00
-6.028448297088079277e-01
7.873045515176049780e-04
-2.020951822971316925e-01
2.861258350640479842e-01
5.918602399727265206e-01
5.572940620079555041e-01
9.458538595271159810e-01
1.043701523362482231e+00
1.214676951516217907e+00
1.004729495492224789e+00
4.996757308761786143e-01
9.079110876879318281e-01
1.158343958716265387e+00
9.762843679676911357e-01
9.520931444777047670e-01
1.370648771424898271e+00
6.328989817985821720e-01
1.145018345794621251e+00
7.813035719629433107e-01
1.189479731110803185e+00
1.262658593546391428e+00
1.078221156123753896e-02
7.727248764883607457e-01
8.349434607951723430e-01
8.666126709108770143e-01
1.802120760751165784e-01
6.979325536978642219e-01
5.497826147872099112e-01
7.076852762876193470e-01
9.841015238133692389e-01
8.138554606265646640e-01
5.243076648636214587e-01
7.116137928408543534e-01
2.573148632580570805e-01
1.319269989526536679e-01
3.319226396632667941e-01
-7.129558764140351279e-01
1.172206048465956746e-01
-2.415297093994616950e-01
1.548858167242226913e-01
2.246524505501877600e-01
-4.017903375829260937e-01
-4.023588791117245211e-01
-1.091441027149743642e-01
-2.744567461060524738e-01
-2.301802308659876284e-01
-4.504092281249753582e-01
-8.059753632757229447e-01
-2.438502593980667932e+00
-1.259146182255453938e+00
-3.213137688538316716e-01
1.158687996749881988e-01
-1.622122467587576722e-01
2.717555473893838447e-01
3.345558471694856095e-01
3.582412433736769097e-01
4.714695018403113336e-01
5.030535814983937426e-01
7.571674926530241878e-01
1.032714394418423609e+00
-2.568170019892003220e-01
-2.417250565924339512e+00
-5.979576943588726934e-01
5.233786542255224328e-01
3.928906166642422981e-01
8.710574829677544262e-01
5.204837128964446835e-01
1.949696454384282629e-01
-2.951140371208102117e-02
-1.254848452730521480e+00
-2.245130232339811904e+00
-1.776431834734505832e+00
-8.561492030158055488e-01
-6.159826816301523511e-01
-7.747476333632119516e-01
6.981532784912580780e-02
9.790540939094982686e-03
2.452117298046279509e-02
3.417193458651258675e-01
3.333039195223741480e-01
-5.520072924069896469e-01
-2.072846350531102999e+00
-1.789600995587949051e+00
-1.282740827249111426e+00
-9.728297421575408110e-01
-5.001235108209970415e-01
-6.603776078196630372e-01
-2.282044107640963104e-01
3.442753149161837944e-01
7.949370890603975059e-01
3.016224533676806208e-01
4.005740863501779936e-01
-1.198049164572292602e+00
1.166863799718615424e-01
2.352780118336985915e-01
5.621852172565114936e-01
-4.023681448022390361e-01
2.215519353915494372e-01
2.433842537322858657e-01
4.775559711825254072e-01
9.442187025198547357e-01
3.315192474302836034e-01
-1.789584683381546248e-01
1.154375150206448541e+00
1.166515965635328334e+00
5.136748574629608211e-01
5.782763292528372290e-01
-3.123061384074959368e-01
5.180672720088799199e-01
-1.268681892289509061e-01
1.005991628951323491e-01
-1.132563050461427544e-02
-2.345060220789036143e-01
-6.597232596231177304e-01
6.472679207583823674e-03
-7.112939100205573073e-01
-8.533781974154640571e-01
-1.065500011047004092e+00
-4.621020803058639714e-01
-9.983002045237761024e-01
-8.533111432338427171e-01
-1.027963386505479582e+00
-7.861934644052475107e-01
-1.035388296825765275e+00
-4.779753512497764700e-01
-1.556705083824888036e-01
6.426199397749289555e-02
-1.346359888887129763e+00
-4.655070599276800447e-01
-7.816384393161233124e-01
-1.146629355813407053e-01
6.382942189512182951e-01
2.240509962349683803e-01
3.105510026248869959e-01
3.154701553733534336e-01
8.187398095398419340e-01
8.826281704826532959e-01
8.753241264266717891e-01
4.506887228042167348e-01
7.554415155333440435e-01
7.811150184366426330e-02
-7.185300932187158596e-01
-1.911909536330562265e+00
-2.324923573407377653e+00
-1.076983010220431192e+00
-2.463987237970110211e+00
-3.572169848726618469e-01
-2.422931478365289770e+00
-1.629332942733279666e+00
-3.907598542135797826e-01
-4.904578862091232283e-01
-1.917196330013984651e-01
2.490890294880450107e-01
3.721019976612756075e-01
5.083984636800784607e-01
4.891194446976636634e-01
5.873895183949985332e-01
4.571290636994388423e-01
1.542916909970901140e-01
3.281069101110672959e-01
6.519297649965558605e-01
7.351658494041792835e-01
1.028967814837088435e+00
4.329739961309156948e-01
-2.314411638404179072e+00
-5.184425407515015349e-01
1.129366453052361302e-01
-2.483138117352849505e+00
-1.385923934520802703e-01
1.819209114416409923e-01
2.058717685917557105e-01
1.095075153956636890e-02
-6.488014007239087388e-02
-3.022494211069653991e-01
-5.147221224186324107e-02
2.862909525537683519e-01
4.638136625199019702e-01
1.982853321114264045e-01
2.995649846407985040e-01
2.159452871914201433e-01
5.468926683172551373e-01
9.326346492416067724e-01
4.032130224267330698e-01
8.597761103032492969e-01
9.106608478808637663e-01
4.431635028455839231e-01
5.215306251980527108e-01
3.170862190204203346e-01
3.521436636163294831e-01
3.173382049397259486e-02
4.626919071831829267e-01
6.181538627671636643e-01
-9.487001117306779197e-01
-5.403018168175857117e-01
1.067925258473231137e-01
-5.234552862349819424e-01
-2.271182347044417016e-01
9.461917544322927531e-01
1.214643983840789865e+00
-3.724538532859349993e-01
1.871507946523562338e-01
6.273995029062342521e-01
3.063938331970681994e-01
7.572006621756499634e-01
7.691445656293979249e-01
4.860040189586660730e-01
5.270807956377328990e-02
7.702711862594036063e-01
1.668061554093567711e+00
2.242666933931753981e-01
5.297289945288581325e-01
7.546642538214904938e-01
8.164792368948936563e-01
1.053630731164645340e+00
9.188934481123095521e-01
1.222303612165732245e+00
9.969972321456281872e-01
2.881370760945241027e-01
-3.018213471213991306e-01
3.993279329382437570e-01
6.030867770111236759e-01
7.693124353292425388e-01
8.040743950461197720e-01
3.827335057405091834e-01
6.865792045918832631e-01
1.068574041543419950e+00
8.252583804314604921e-01
8.249268933259201741e-01
8.131143830697060704e-01
4.658961540767648790e-01
7.030392743714350967e-01
6.325987072308995041e-01
8.694548126287684475e-01
-2.560319353668012443e-01
2.789468428388998111e-01
7.267845169416553563e-01
7.679260545800323801e-01
4.736933618386358069e-01
1.461493858382886257e-01
-7.027988819705308643e-01
-2.036367881056573292e-01
2.680935337339706015e-01
7.504010433508121469e-01
-1.860841892222955818e-01
4.593191162110630416e-02
-6.344590874078141762e-02
-2.559137420093489657e-01
-2.024714518318910361e+00
-1.580316345550676571e+00
-5.279191505824829544e-01
-1.628813527599094757e-02
2.932149653203469097e-01
1.719255072197000203e-02
-4.434904904790167302e-01
-3.702639456093586023e-01
-1.550483712339836007e-01
-2.667031687499987758e-01
-2.100514333874629269e+00
-4.295416707040049520e-01
2.410306499467921304e-01
1.333674687680675430e-01
-1.609012103095434520e+00
-1.169934803694957726e+00
-1.792533260647885429e+00
-1.046139757705617956e+00
-6.527521326957294034e-01
-9.535177724272410060e-01
-1.408121529454299026e+00
-1.975888021241524406e+00
-2.376401117795828632e+00
-1.783008497550639948e+00
-9.027499368397475799e-01
-4.557177661687865644e-01
-1.210863432179628829e-01
-3.229551397586731820e-01
-3.608113867945980657e-01
-1.098443116719610924e+00
-6.927975996887982824e-01
-3.481762154404222792e-02
-8.471734406587186905e-01
-7.407377925968339216e-01
-2.931122106432959007e-01
1.673838813561199373e-02
6.013652041209825994e-01
3.566045692739798767e-01
-6.562912857172491510e-01
-4.888466577036149063e-02
3.927226982315724646e-01
7.106413364817106837e-01
8.659542514435806249e-01
7.301703580908802671e-01
8.469066621761305313e-01
7.113734857198661388e-01
8.323025222634172771e-01
3.512009042119977331e-01
6.426034940244927940e-01
3.560837329908164706e-01
3.881442088095466980e-01
-1.832778691545160710e+00
-2.270207115267524056e+00
-1.617715693500527907e+00
-1.607884261215893895e+00
-2.010464341512463893e+00
-1.011476742675564866e+00
-8.859086980862765359e-02
-7.172498566964398137e-01
-6.046838040694517691e-01
-5.392705927965013579e-01
-4.831531243497595440e-01
-2.363928861224769751e+00
-1.612702638890234352e+00
-6.265282223723441790e-01
-1.224943208759458335e-01
-1.936337755965271412e-01
-1.879214197219728266e+00
-1.294796904498956236e+00
-1.184654121953829575e+00
-1.806288663164992148e+00
-1.942973222941784872e+00
-1.429733318093358907e+00
-2.185393282840032647e+00
-2.367638275287860861e+00
-1.413538566514200179e+00
1.344525337516873920e-01
3.127178222248988559e-01
8.734578897877900983e-02
-3.239919405504902983e-01
3.130532764322279116e-01
-4.518982225478339054e-01
1.132111807554811445e-01
4.774220401013155035e-01
5.870105860258783004e-01
4.380132879095431919e-01
7.786437140653921229e-01
3.865036010651482501e-01
7.101672696799681272e-01
6.204804472001933524e-01
5.504858304915465350e-01
6.797041893188223716e-01
2.593356871847672940e-01
-1.982827291391181745e+00
-7.468477111273006397e-01
-3.842703808893678241e-01
-3.538462734229540912e-02
4.282348001332603182e-02
-9.983238934809879339e-01
-6.072468183305578249e-01
3.108477634183931526e-01
-2.737649300693660304e-01
5.439455721793038379e-01
9.307548077853535773e-01
-3.523686883222417188e-01
7.296613718698206075e-01
6.603919989033510962e-01
9.459438463264131514e-01
1.095903496024653645e+00
1.025263336779563161e+00
1.168800780128854910e+00
7.942447331301492053e-01
8.452184289923174720e-01
5.310929492261103890e-01
-3.765580964555095278e-01
-1.992257053953545798e+00
-1.303064085349261214e+00
2.603640697820363004e-01
6.833955167520338048e-01
-2.105390138356613150e+00
-7.391575882535464936e-01
-3.500509518867114256e-01
1.032766664808677792e-01
3.851700555482061583e-01
4.089160777290828386e-01
-2.111717482988343608e+00
-2.253526938613567676e+00
-4.114131204067528191e-01
-2.008853266347666811e+00
-9.989893569077727964e-01
-1.930274219078874642e+00
-2.434599911938664096e+00
-1.063985998042069836e+00
-4.317282065127833190e-01
-9.957113959428176564e-01
-1.733368411425178224e-01
4.218971152396786550e-01
4.949243823793297303e-01
-1.803067723875502182e-01
3.123580111562285766e-01
4.683248575494449728e-01
-1.894134320985255915e+00
-4.606412227871816145e-01
-1.721547273235259357e-01
-3.571731156482815250e-01
-6.648721118940108532e-01
-2.244611433285268021e+00
-2.383812580168392703e+00
-2.136701857151193984e+00
-1.033287552922693253e+00
-7.989949100229676304e-01
-3.052562975427436931e-01
-3.781646075060667300e-01
-2.284148435726716109e+00
-1.522963020980970139e+00
-3.056368282469121289e-01
-1.013819333514246468e-01
1.481076632386162106e-01
4.686372087541954556e-01
-5.591339354400645667e-02
-1.259532385034272339e+00
-7.801613681172349102e-01
1.755775111835470303e-01
5.066048140736372218e-01
1.897759799734516639e-01
4.226937445688610517e-01
-1.375273083233412852e-01
2.322208451904287929e-01
4.114938783686034052e-02
5.208326496924193388e-02
-1.941753005625106165e-01
-5.266072730977788829e-01
-1.654428439855810673e+00
-2.182526872836129339e+00
-2.434661860999909333e+00
-2.378337601496057552e+00
-1.276614425824546650e+00
-8.962029039330189351e-01
-1.744009494608313116e+00
-2.058101183591559025e+00
-1.345766417995734043e+00
-2.007672045869094646e+00
-2.152177787167760314e+00
-1.871611843744640513e+00
-2.386583375285092679e+00
-1.816628584020433257e+00
-6.054110251923724983e-02
-1.184321167290054211e+00
-3.314042972728307723e-01
-2.345006179739083929e-01
-7.749991223876007140e-01
3.553270551679740263e-01
-1.901341930040251205e-01
4.405042838894357438e-01
9.224503312655694121e-01
9.815034196244114550e-01
4.722665022501831289e-01
-1.387197539842475735e-01
-1.056953909691729754e+00
-4.096177270840439810e-01
4.838650351182754994e-02
3.119009164130502332e-01
9.450840806189245158e-02
-3.858381225366900313e-01
-1.276488841882297720e+00
-1.990070427101391370e+00
-8.811386987258318371e-01
-9.300216571168712365e-01
-9.165775360789827353e-01
-7.969468324138425652e-01
-1.549091462468230596e+00
-2.079613714482943188e+00
-2.462072758568442765e+00
-1.382889777032834555e+00
-9.243413310295068852e-01
-7.053605310910645576e-01
-2.042739950120911807e+00
-1.198581842503360972e+00
-2.153531160889530227e+00
-1.676167127698171555e+00
-2.172558300278072174e+00
-1.001113382026529663e+00
-1.025195978054665114e+00
-1.401480466016286286e+00
-1.447013418217674374e+00
-1.963413351159568165e+00
-6.235634629692609066e-01
-5.602035508597399960e-02
3.461004270917465986e-01
4.078992864702480903e-01
2.355664141380044152e-01
2.704439370407945575e-01
3.427319959910653524e-01
1.983854859461297582e-01
3.147614445267086225e-01
-6.215153981162500063e-01
-2.512260817570559635e+00
-1.413773099240406728e+00
-5.856514733365505432e-01
-1.189409548145084372e+00
-8.169711465082480917e-01
-7.955771608733180900e-01
-3.972653167763109949e-01
-9.474346333147869448e-01
-1.007493371249953862e+00
-1.060453217641637913e+00
-1.657622626016578504e+00
-2.300660697059824678e+00
-2.268385198550564752e+00
-1.731417821706499716e+00
-1.005005135796380289e+00
-5.334558816046793828e-01
1.687195393562578860e-01
-3.342319241812673203e-02
1.710436625077579320e-01
2.267277499354434511e-01
-4.623756458095508171e-01
7.323765694872740040e-02
-1.617534358352576140e-01
4.969912680547843298e-01
3.078094613961344650e-01
5.362400404851459523e-01
3.393392225384350702e-02
4.509394707575578032e-01
6.203309071281732923e-01
1.649600551918118940e-01
3.676858949314583125e-01
4.113712268616561696e-01
4.534945667532790936e-01
-4.732039269392346315e-01
1.761386423483706637e-02
3.405707690638299923e-01
3.880080995213069928e-01
5.300753776098281467e-01
5.320959218848984040e-01
1.903852268955419369e-01
-2.220636899567969280e-01
-3.940169091596786854e-01
-4.460052023533299659e-01
-3.379207720796080228e-01
-2.711718024985071418e-01
3.726554689695811273e-01
6.111821585716661343e-01
-2.729562173968055339e-01
-5.723950375111236388e-01
-2.007672413027519198e+00
7.911322603171018486e-02
-8.957988711851885832e-02
4.609127890132956873e-01
4.336308243517084104e-01
1.990554760966030678e-01
-4.586524136046568612e-01
-6.991532070743680105e-01
-8.135957711625341204e-01
-1.377288054491507263e-01
-3.158693878241066733e-01
5.361031675279610831e-02
3.441498483332002811e-01
4.763926691782091605e-01
3.713781741634379907e-01
4.229452572729350823e-01
4.097131507606845413e-01
2.276821256350277656e-01
2.763380931115391737e-01
4.332034055310062665e-02
3.077470437120679025e-01
2.613888002893736129e-01
3.881309790503790769e-01
2.489639489376248571e-01
-2.133054151501433959e-01
1.993130187013763543e-01
3.678779470971162979e-01
3.357775703989149818e-01
1.801771090386147522e-01
1.150783684992348899e-01
4.120663270350030105e-01
-2.132655655488662760e-01
1.044336921337534196e-01
3.232334742772926539e-01
1.170811937515842116e-01
-9.294087280199567758e-01
-3.406711704760161941e-01
-2.833490825942769908e-01
-6.228086261051199446e-02
-5.150166093567584702e-02
-3.320231555976361354e-02
5.717187362799839440e-02
1.162259380851238533e-01
-6.795463447507295307e-02
-3.783143417149532617e-01
-5.993346975386771858e-01
-4.026393705341103080e-01
-1.148072692689181107e+00
-3.213609364676479896e-02
5.812023616304671236e-01
4.944166176597062368e-01
-2.562524475096791821e-01
-5.079834653669831335e-01
-1.131919393790874695e+00
-5.897004427230263524e-01
-1.634404072404217201e-01
1.044018318464360606e-01
-1.112793247697480004e-01
1.046456422684345910e-01
-3.981154631917868114e-01
-2.325508607797589278e+00
-1.650435299215470941e+00
-5.086638333522501831e-01
2.791345420708069014e-01
2.254265326756818011e-01
4.271385133165068737e-01
1.724011306677630251e-01
-1.839892537122174987e-01
-2.099989356787257400e-01
4.661174298874953825e-02
1.388393827518285273e-01
1.179605445391272156e-01
-4.300129515518917867e-01
-1.015869812522614879e+00
-2.173747204893543006e-01
-3.025015243043755464e-01
8.139067571963698455e-02
-5.218059761031342697e-04
-2.948784243922762394e-01
-9.579816910404755081e-02
-2.050704353435104932e-01
-2.214450020618665249e+00
-2.112895691415042521e+00
-1.710550696625321887e+00
-1.974989108344979705e-01
1.131317788854624591e-03
-2.516981414839457032e-01
4.014187986306653189e-01
4.535921991048028623e-01
4.700223053464634981e-01
1.907593065249499065e-01
-2.520444707278046703e-01
-4.940386670650732670e-01
-1.841696204969395789e-01
-6.657311395900313844e-01
-2.231291588660210934e+00
-1.183899212103694421e+00
-1.112918910866033340e+00
-9.665271202999891065e-01
-1.649179592713775122e+00
-2.362409257460013290e+00
-1.647309572976949799e+00
-2.151341607637981657e+00
-2.383231541801909437e+00
-1.402997130231778744e+00
-2.708916677266097750e-01
1.267113437680686683e-01
1.419588025765110284e-01
2.993368040516167228e-01
2.524383693389649075e-01
2.118566017535026547e-01
-5.479787414344048369e-01
-7.058737672542495512e-01
-1.514871126934264622e-01
1.869648610067140698e-02
-3.677792514354953912e-01
-1.952974105563530127e+00
-1.052459314712753669e+00
-1.453746808354989262e-01
2.003179019650339898e-01
4.732543934946297770e-01
4.860571226621595020e-01
4.010440095465120369e-01
5.823827576417832663e-01
8.098161152249425676e-01
9.891089974003393070e-01
8.242102336775203320e-01
4.623238160705979705e-01
7.162537493066400973e-01
7.969881267026679428e-01
9.631033143244251971e-01
9.388670703797399875e-02
3.988583473255957745e-01
4.383283161715325615e-01
5.697283306483582610e-01
4.021474272553708929e-01
4.345724352595961570e-01
2.269136419258354076e-01
5.268262146726050421e-01
4.659130142251720619e-01
1.595636391594923154e-01
7.170470559469108718e-01
-3.930183702414002944e-02
1.978910658801715794e-01
2.486522809882581453e-01
5.023368529158356299e-02
3.936830019367664191e-01
5.977647987287435516e-01
6.187856523262253994e-01
1.163989316675300423e-01
-3.447131286987535903e-01
-1.475458512287278479e-01
-6.526906694699829981e-01
-2.275840960998094076e+00
-2.436580963772111641e+00
-1.114841688066764647e+00
-1.397767356377444870e+00
-2.270269136433032742e+00
-2.414998308834757523e+00
-9.553535574318352541e-01
-9.702893372057741495e-02
-2.255389804963862654e-01
1.712841904057607334e-01
2.460504177329920772e-01
2.496594290649454262e-01
1.550357261035839040e-01
-7.957604880066766473e-01
-7.841059769569576066e-01
-1.315427588270525749e-01
-2.540221289014216871e-02
-2.749230886524917650e-01
-6.380012854545287493e-02
-5.689629834625691274e-01
3.071722516316241144e-02
5.355342063815891201e-02
-6.109502107108046864e-01
-1.936304825980863509e+00
-8.366582486704741140e-01
3.893391565753701600e-01
2.238900865303714849e-01
2.120143143839164634e-01
4.447749193633628306e-01
7.432465664724301480e-01
2.802150613390196332e-01
-1.527067362803148143e+00
-3.912754140248819734e-01
6.885914779179640177e-02
-1.568108084352745513e+00
-3.857058276241872585e-01
1.268552619431725093e-01
-6.490634541500828192e-02
1.838958571923950958e-01
1.659135213447919532e-01
8.478035659528448953e-02
3.491831830666928260e-01
3.240105697843201904e-01
2.011208824664859340e-01
-3.739004805624489280e-02
4.550419965001861189e-01
-2.381107653616115066e-02
4.591442263801674695e-02
-2.441207388677938406e-01
1.957959371431915452e-01
1.499626157284560113e-01
-1.560174528077264977e+00
-2.343240856602224476e+00
-2.477283400710823980e+00
-1.053966910768964427e+00
-1.748246850650963857e+00
-1.479168621204049461e-01
-2.341389671845955089e-01
1.118919567679912269e-01
9.852446904037778785e-02
1.430897583743927781e-01
-9.388802084243359769e-02
3.819581158766033324e-02
2.678596863240078826e-02
4.808038305178585076e-02
-8.697742349553775343e-01
-3.348313603999268362e-01
-3.848904991454102920e-01
-1.281220443283231258e+00
-2.244820268916592365e+00
-9.556663793141606522e-01
-3.032534722673373428e-01
-6.980492266599656048e-01
-4.467847621213539844e-01
-1.984704403045349563e+00
-2.092390132766311250e+00
-1.196049518169970405e+00
-3.518532871370053661e-01
-3.050487274828970197e-01
-1.180544007424551844e-01
-3.144203576043467230e-01
-5.139596922118666589e-01
-2.082845278193496963e-01
-2.316475491606033790e-02
2.261838785374987310e-02
-1.539695814993630521e-02
-1.224286802362470894e+00
-4.880769473058123031e-01
1.258925484382449056e-01
1.611242822757879001e-01
2.496203227380981438e-01
-1.484701566979186316e-01
-4.409979633519816589e-01
-5.120024989233179502e-01
-6.687930043109772127e-01
-5.194027882648190042e-01
-4.964263456974833955e-01
-4.336498210652201535e-01
-5.415283635002093865e-01
-1.833537150308216512e-01
-1.924552562554254775e-01
3.164219038393533689e-01
7.540670980218968644e-01
8.165392433560341168e-01
7.075126213213810411e-01
5.772545237904812554e-01
7.660471081382584924e-01
4.683752506419070483e-01
1.551360907869374917e-01
2.677690064428117286e-04
4.219387714076391904e-02
-6.090463115104010061e-01
8.097454781918954347e-02
6.606896212030367865e-02
1.747537946260508401e-01
4.928516538592370155e-01
5.282340367803867176e-01
-1.803371741740317669e+00
-1.982933294342990260e+00
2.430744226880287434e-02
-1.275529083245329875e+00
-1.211892762387413169e+00
-6.087287861880502637e-01
-8.250434834076395552e-01
-8.092373332560860444e-01
-2.940696283061195460e-01
-2.326215238282180187e-01
-2.645915161291342299e-01
-6.144685255097529497e-01
-7.760426273347598158e-01
-5.383822244280122016e-01
-1.760721735175969860e+00
-2.331006016654687318e+00
-1.676233486835003950e+00
-2.652899861655196867e-01
1.691587227962443596e-01
7.943235132347584160e-02
2.136617746614772884e-01
3.052408661542279633e-01
4.989988473377367506e-01
4.572439795246556193e-01
-3.329913699602951582e-01
-1.464738187381155132e+00
-2.856344889896799688e-01
2.719333359557045693e-01
2.212321045502080585e-01
5.964638238059918884e-02
-7.411632689009303165e-01
-2.926645676557856346e-01
-3.733201693234572405e-01
1.490878500997182832e-01
3.930876619651803572e-01
1.324745869075193982e-01
4.491091252497857456e-01
3.617267289904730343e-01
2.046803915424886544e-01
-2.541037776228735057e-01
-4.683345489476035683e-01
-4.912117388953210484e-01
-5.544241572793286998e-01
-2.202689233744249686e-01
4.578893167191850494e-02
4.500975648560258113e-01
1.333653556289312592e-01
4.873522252751196771e-01
7.619145630121784141e-01
1.040056518838171629e+00
8.251075869575443811e-01
1.067300045131770680e+00
1.228946955015137510e+00
-3.215750793252529771e-01
5.875425433353065330e-01
5.024993681789325928e-01
6.075551564893433287e-01
3.055203950071180286e-01
1.345712014815053092e-01
4.216877683592384907e-01
1.690409385101897533e-01
-8.871533059398480081e-02
-3.182888265403245320e-01
-7.634999892186933312e-02
-2.483818554373350640e+00
-1.697898754215334982e+00
-3.453607154485409114e-01
-2.989348151770827577e-01
3.953789262772664515e-01
4.504088174083220042e-01
4.730743579745664840e-01
-1.099264154955414963e+00
-1.924046656682369738e+00
-8.327394905641163358e-01
-1.629896496199803257e+00
-1.779846987912384826e+00
-4.998090517938366673e-01
2.928271869017153861e-01
5.512770921848021421e-01
3.428561130686490488e-01
2.023090645777624874e-01
-8.079817603299289663e-01
-9.583103066414294657e-02
2.830606413639650265e-01
2.653587819455213714e-01
2.053156306710028356e-01
4.804150930075377079e-01
6.621417124218874628e-01
3.903691150503016405e-01
-1.936380452981911471e-01
1.431223657555932283e-01
-1.427717896535148245e+00
-1.160546464502342986e-03
2.286651964433306095e-01
-2.155765993476083109e-01
-8.694519340527608886e-01
1.995099090230895711e-01
3.226722817148244271e-01
1.059137692582024226e-01
-7.978153728871635320e-01
-1.754198176868300152e+00
4.853785389958356067e-01
8.453281059172592649e-01
-5.235841291894044458e-01
-4.667084251842962273e-01
8.138211510774222279e-02
5.833378408819089866e-01
6.757448021699339336e-01
5.267441801204943985e-01
-7.625241076872053547e-01
-2.661585635497164537e-01
-1.171968788924470650e-01
-2.118226931206874386e-01
-1.589239753210231365e+00
-3.006870653873169319e-01
-3.552547024742555570e-01
2.759117988217655859e-01
5.242584902066856067e-02
-5.117586638846312042e-01
-9.708520524676020891e-01
-2.871465877161872293e-01
4.666362432413512229e-01
4.528678011552310645e-01
4.556307664232093768e-01
8.781908197050286580e-01
1.251919131941131358e+00
-4.171386297211941985e-01
3.632762796713654985e-01
-5.579992809882057259e-01
2.128094930226051007e-01
-3.443996466907682241e-01
7.474308376707274881e-01
3.166590368724035987e-01
-4.956117810587474803e-01
2.439377611199384233e-01
2.446480451331328465e-01
8.130374082204810948e-02
2.155718329434236358e-01
-2.831366397663830914e-01
8.853468066786840396e-01
1.122227978331062248e+00
-7.217542048784231223e-02
-5.582016899973561985e-01
-9.117513448011529409e-01
-9.583886784039282736e-01
-6.474360562314371847e-01
-7.871842385566454325e-01
3.201153134007858614e-02
-6.519726193379805218e-03
3.196260696171164817e-01
2.045703486557470252e-01
1.291946882257474782e-01
-4.212732727255871223e-01
3.319313169197112279e-01
3.039596600046073904e-01
-1.976330875963615008e-01
4.384995994974868472e-01
-6.460059000598232515e-02
6.367178296226068124e-01
5.355457521841307245e-02
7.589378711612688733e-01
-3.025715665046582736e-01
-4.198156770153894657e-01
1.781665562350716603e-01
1.104259483671578834e-01
1.477132544078854914e-01
-2.622576932148530382e-01
-4.492248206590505055e-01
-2.695411258006078503e-01
1.987532798905636000e-01
3.821141946600077888e-01
7.753461106594403685e-01
7.062274465065639939e-01
4.235227842120081743e-01
7.753188085699567189e-01
6.794094943083485161e-01
1.354497927836147975e+00
6.215340987457256272e-01
7.570736138690051797e-01
-1.163445017318498476e+00
1.091518993274021992e-01
-7.334940190601997312e-01
-1.795465919337390637e-01
3.983763626592241036e-01
4.772873610687118351e-01
-1.728251360881268295e-01
-7.759322628061441351e-01
-1.731445397714181933e+00
-7.318629708864323735e-01
-7.019785358738980796e-02
-1.440333154939562599e-01
1.979012223921682023e-01
2.726490362548595892e-01
-2.696766274876132297e-01
-2.469916776092013211e-01
-2.673469024362463281e-02
1.741227291601549487e-01
-1.441975243808643892e-01
4.983897323345062302e-01
3.178529176495812902e-01
9.937798468035857757e-01
1.051799182807322097e+00
1.111234369387033016e+00
1.066888872560074031e+00
-2.609810906148585241e-01
-4.720937363478375781e-01
-3.033156396486973438e-01
-1.763829371473215821e-02
-1.546385380118434627e-01
2.958520978130764756e-01
6.915893746919739016e-01
1.037978970503074860e+00
1.142683973526136265e+00
1.229211814251831125e+00
1.182419593012033587e+00
5.387143577979102149e-01
9.524038557178977626e-01
9.138989143180125119e-01
6.714931619945178065e-01
4.075290758576287087e-01
4.682762004987703341e-01
2.346200194107837533e-01
2.095905970762400872e-01
6.164753054453466774e-01
-7.443771663036411468e-01
-1.985253902306565732e-01
8.856315104261427984e-02
-4.120894777952427979e-01
-3.545868665357248539e-01
-4.868648460379593756e-01
-2.971056397659223025e-01
-1.013259766277490259e+00
-3.002632032762350689e-01
-7.684935737584334958e-02
2.069712237650646602e-01
1.093395326298474968e-01
-1.741691642738033841e-01
-7.249868388238170369e-02
1.027513858566233562e-01
-4.136434669255482088e-01
-1.463108483638685398e+00
-2.075761622267060957e+00
-9.578745726576552988e-01
-1.057204297399123361e+00
-3.443709511889966324e-01
-2.323515474568075279e-01
-3.906603650441415887e-01
-5.446794669433601133e-01
-5.938816622983007498e-01
-4.083899599928786373e-01
-2.321853466504599228e-01
-1.306392555965420893e-02
3.142834066786588387e-01
-6.843256572271308458e-02
2.705421279727690184e-02
-5.301819568864912791e-02
-3.210456128341990234e-01
-3.438201169135460256e-01
-6.830826039306688857e-01
3.977907752363764593e-01
4.873621834360176153e-01
4.545959414650353470e-01
6.461098637467950212e-01
5.691259003207818079e-01
2.576779666953360470e-01
5.866640361575918838e-01
4.147030765155193532e-01
7.384680390089393143e-01
8.696092080214479214e-01
3.788445573628007046e-01
3.800307127090241655e-01
4.794954775791558377e-01
4.598311301193812595e-01
-2.940981650960079463e-01
-3.227592339490742424e-01
6.414587543492634991e-02
-4.237833207510948164e-01
-2.520610960294740188e-01
-9.734945022596840081e-02
-1.526753698947781679e+00
-1.018857394847808351e+00
-1.883484409350696165e+00
-2.125905053491581320e+00
-2.093048449756693685e+00
-2.341202042609821454e+00
-2.037777941726607533e+00
-6.090048248191870517e-01
1.017043687320998979e-01
3.092593913502230119e-01
4.559225208854660316e-01
2.933135134815915146e-01
4.655221243043392576e-01
6.348290295006685513e-01
7.568836946080884642e-01
4.062684910667639926e-01
3.786855461667118505e-01
2.364992729270713467e-01
1.443104759971347295e-01
4.000054358753244443e-01
-2.043322785063859115e-01
-5.939194799828925730e-02
4.559500089376100629e-01
2.702067067792809918e-01
1.194854479449492246e-01
-4.883871030463464158e-01
-2.521665153638268930e-01
-3.345935593214983267e-02
5.321402780265596100e-01
4.826444484877459029e-01
6.607757779411306265e-01
6.887888721138939463e-01
5.165880398493809533e-01
3.932223712703435403e-01
6.249996593844996395e-01
6.215943721660716070e-01
2.811109019252461261e-01
-6.645482429495298132e-03
4.483226979426563341e-01
-2.859395064438404188e-01
6.318572588579129956e-02
-1.758036938041337982e-01
-2.622857998897863696e-02
-5.124106795504379530e-01
-4.498941762478851358e-01
-2.827354617440701046e-01
-4.867933241276774514e-01
-3.618574449008261085e-01
-9.672423870959855341e-01
-1.998694973697698440e+00
-1.109676078987267500e+00
-1.782936329319334323e+00
-1.348527324805050442e+00
-1.192808051980990713e+00
-1.992048375687805351e+00
-2.224192395045550441e+00
-2.300910511361409228e+00
-2.442491452906682348e+00
-1.496294607786660125e+00
-5.989207338887909682e-01
-1.088180501039769446e-02
-1.767543851857877657e+00
-3.149086664894795717e-01
-1.824017103822181740e+00
-1.602662261765772200e+00
-5.613691395767835823e-01
-2.066064924392136071e+00
-1.078053404062953469e+00
-4.861624219659632651e-01
-7.664837141269079113e-02
-2.567909787824073642e-01
-5.139884382397424956e-01
-4.044034633972725112e-01
-9.682050593741384770e-01
-1.109475114682342056e+00
-7.813997583968584904e-01
-5.542398894004942900e-01
-7.177422753885416284e-01
-2.784774911076248194e-01
4.359343720353632545e-02
-1.240794400671183517e-01
-1.205330647210388351e-01
3.051541848769975251e-01
5.037752612172935462e-01
6.931258259244722497e-01
2.599481102023880053e-01
2.411889382042130270e-01
1.654555151382280376e-01
-2.587057426302689228e-02
1.877941775009649705e-01
2.548976628079149126e-02
-1.978769060525334744e+00
-2.026915667462224402e+00
-8.292933196576380839e-01
-2.354469624125409277e-01
-2.664579023386694501e-01
-1.641876519150395064e-01
3.051585858304211585e-01
2.684430099549898197e-01
4.247976168614354120e-01
6.153789299447953720e-01
4.607598498422365019e-01
-7.062503170081311232e-01
-1.169232314807334916e+00
-1.315202485986432523e-01
1.632509923813977026e-01
-7.674072188909787373e-01
-7.504294866581703305e-01
-1.064785412140575538e+00
-2.023723235461161174e+00
-1.917484991403841654e+00
-1.188789107845639847e+00
-1.056138932935629438e+00
-1.065189759295158689e+00
-7.708035818293861308e-01
-3.540172553374629771e-01
7.060451166073608564e-02
3.424106606863606128e-01
-2.098605926317249071e-01
-4.947285396556789783e-01
-9.579752715272379371e-01
-5.632172465373641579e-01
-9.741304448749277256e-01
2.066387427821637091e-01
1.269075161911224214e-01
-4.806565156696348540e-01
3.307248639584724481e-01
-1.033803291161329518e+00
-2.831385496049683773e-02
6.179918018126855372e-01
-7.886110702012507634e-01
-6.484261400354299765e-01
-3.757257643912164102e-01
-4.892827764040114796e-03
-4.714570716983712551e-01
-1.875276083040565478e+00
-8.515113929692399442e-01
-3.653514676575799758e-01
-4.113343804778970547e-01
-5.209413439120308409e-01
-3.416859712804312665e-01
-1.175099474296499968e+00
-1.692993362229560539e+00
-2.380111112717941513e+00
-4.987559179773106144e-01
1.406331369771590123e-01
4.555009874417288440e-01
8.236980225671410860e-01
3.754353692602960257e-01
-1.222720572519537141e+00
-2.200019642926619667e+00
-2.152245269053436161e+00
-2.567126222483245623e+00
-1.337068454734251732e+00
-1.237240645949660767e+00
-9.982087099856977730e-01
-1.220594139708610415e+00
-1.036568741487438494e+00
-1.725410074242030412e+00
-1.009100368322750185e+00
-1.937710650723287520e+00
-1.366463361562122225e+00
-2.377167719542493118e-01
2.295245939615767339e-01
3.864887290255437924e-02
-1.280070146557665545e-01
2.975017762154104628e-01
-4.684825910127302651e-01
-1.473287096585392808e-01
-1.777500851256154368e-01
-4.909270636260194554e-01
-1.067505900262515350e+00
-1.305349246712752098e+00
-2.329975455653348959e+00
-1.998464206386407316e+00
-2.270313091644366565e+00
-2.442705017545765411e+00
-2.051713189372413204e+00
-9.242366165200193162e-01
-8.857425478956411080e-01
-4.773667834956120126e-01
-8.254767551120933966e-01
-6.672593727892738302e-01
-8.532542991781352781e-02
1.545470757181211796e-01
-8.409286694901074721e-01
-1.196549146585784040e+00
-1.588361966690239324e+00
-1.823436176900149253e+00
-7.493734632683730634e-01
-1.004804964179695226e+00
-1.729839274939912963e+00
-1.112013050209935239e+00
-1.817660304409846717e+00
-2.182668071423999656e+00
-1.921172558287230325e+00
-1.442718551564848406e+00
-1.096860081854855729e+00
-1.548732747041051905e+00
-2.054186940827525287e+00
-2.030222530139675463e+00
-8.917358353068942645e-01
-6.426760607406254433e-01
-5.968924575082522610e-01
-1.042327547622849959e+00
-1.783262228554246764e+00
-4.095510466223196699e-01
-1.706560806117352336e-01
-1.251217915723737417e-01
-1.016396463381093879e-02
-4.461944345158892766e-02
2.414128689666786287e-01
6.378269418904581878e-01
-9.626843111424428223e-02
5.824166503942984630e-01
7.682102757537726534e-01
7.277126494445916860e-01
1.014798640055742052e+00
1.222249607487802203e+00
1.271514101180813316e+00
9.390954469383361314e-01
8.186057047926902364e-01
-2.052099008807265756e-01
4.030948705248744157e-01
-4.096728180144156850e-01
4.604378122708104870e-01
-1.928619112546881842e-01
6.087274482507899764e-02
3.882833134817048615e-01
7.592182368916255975e-01
7.141551914483886820e-01
1.398346947705569887e-01
-4.549408846291891351e-02
-8.419388836621394256e-01
-1.362939937152370662e-01
6.305225480301021035e-01
8.101669564915500721e-02
2.801566188380806288e-01
-1.281274157099514810e-01
3.564785754507535653e-01
7.550560347738337619e-01
7.860913639260945773e-01
7.789404320738974041e-01
8.364823062107475948e-01
7.903758718192150923e-01
8.509714184165699802e-01
5.056347212167148220e-01
8.240969347909554710e-01
7.930827513964457953e-01
7.389974416170423943e-01
-4.243734396567554468e-01
-1.377383340025502445e+00
-1.733300536755476795e+00
-4.258683289410579720e-01
-9.618401566772458722e-01
-2.883945767213434985e-01
3.207544727732253853e-01
5.511682947344338501e-01
3.248265667804778323e-01
6.149572031415414530e-01
3.211349663005948485e-01
1.174186602620122644e+00
1.166767393568814093e+00
5.556542292964580243e-01
1.196669366305680215e+00
7.891686911769109081e-01
7.668892165299341368e-01
9.036924872391911556e-01
1.242246480699993327e+00
1.114234575515882675e+00
6.137335185109524804e-01
8.162132988036632231e-01
-2.759675102293456805e-01
3.054602366014017578e-01
6.910529475065805283e-01
8.003423323760009422e-01
4.920925803696133416e-01
5.192087400660561070e-01
4.357851139085351377e-01
3.513195648137169558e-01
5.256094406110614070e-01
6.225140254021727104e-01
4.633439576390072090e-01
8.890468507066303649e-01
1.153678049352601764e+00
-8.914060860980484169e-02
6.404040429874882090e-01
-1.237157562878644645e+00
-2.305404394176331639e-01
4.604192251409762737e-01
7.867974167696033527e-01
8.877881170244603659e-01
1.168450124576266180e+00
9.044228406809520227e-01
2.150258409639319579e-01
6.734665374943935579e-01
1.047393872717792718e+00
1.304516565022110441e+00
1.038014083745931293e+00
-5.560134023481854912e-03
-6.953738533002591371e-01
-2.153871312730134324e+00
-2.198787278498069764e+00
-4.154174833899967334e-01
6.121436210144193257e-01
8.692967309251351526e-01
-8.435120053206301982e-01
-2.217933069609949293e+00
-1.861099905678167854e+00
-7.367836110723897658e-01
-6.182527257703532841e-01
-8.890212075374971379e-01
-3.891658048272733650e-01
-6.997094877716901751e-01
-1.855018074678837781e-01
3.768910469086618753e-01
2.324947733640866376e-01
4.071640634663241110e-01
5.198766993991776886e-01
4.525269587309512231e-01
7.488311923042394458e-01
2.529135609825020059e-01
6.970691619963609309e-01
8.180573349529242089e-01
9.692373473608748569e-01
1.002811154261662008e+00
1.133287845772459335e+00
1.226479898785602707e+00
1.090133486118299189e+00
-1.092453125211118314e-01
6.637519197959509953e-02
1.432645339151450981e-01
-1.241367374585248928e+00
-2.083531585437551570e+00
-2.417846174003774884e+00
-2.534500265114139061e+00
-8.868058318486602420e-01
1.574552017406914417e-01
6.401059253647114478e-01
6.898598419755461730e-01
8.077934619485208634e-01
8.071598438188488656e-01
7.917983988555357122e-01
7.840081768364177695e-01
8.563386092573048725e-01
7.790090540573437750e-01
7.943759634407117076e-01
2.747099491662897963e-02
-2.484434102658922006e-01
-1.253600144893290969e+00
-1.913649624961989648e+00
-2.108258652636421537e+00
-1.983864220108688015e+00
-1.344333458211292687e+00
-9.917233622995421660e-01
-9.091952122483302201e-01
-2.018470997221998076e+00
-1.005890469238047036e+00
-9.278180760955186124e-02
2.052985916762624097e-01
8.632264088947954050e-01
3.407991759736417325e-01
2.334322300279537132e-01
1.146687405928850656e-01
-1.043577541838808589e-02
-1.370160378101352161e-01
-4.972492736118964626e-03
2.963031381845294687e-01
3.558513408674478518e-01
4.807570748448571352e-01
5.569131305165266055e-02
-5.590479302357395097e-01
5.669481809397003413e-01
7.214893774618247324e-01
1.033119954862239842e+00
1.282974643126565395e+00
1.429718121139316622e+00
1.289214203853695562e+00
1.230513759362261483e+00
1.050125177154455081e+00
1.384225438668311936e+00
1.352335813080481230e+00
1.317796436706935914e+00
1.371961922992052996e+00
1.384174320623108745e+00
1.395480460659364486e+00
1.353453640487188192e+00
1.456395569213821961e+00
1.576430555068094153e+00
1.611469806782857450e+00
1.472018753639696254e+00
1.418700590289011298e+00
1.586135446204196775e+00
1.337627574675903208e+00
1.601293679240420875e+00
1.448695503203791146e+00
1.339406772360458131e+00
1.434050009563726080e+00
1.388823222649556488e+00
1.470264289183171647e+00
1.482091095588388363e+00
1.593010922237461768e+00
1.567067831259956856e+00
1.699379427230288675e+00
1.438220888192900837e+00
9.901189130473810884e-01
-2.600071497048527247e-01
-2.086358359638459170e+00
-2.028408917381668175e+00
-2.048998017542364547e+00
-2.444934051535637476e+00
2.023338274202030607e-01
7.245142204631168648e-01
7.034727743533231159e-01
3.493662441457210388e-01
6.416362102292088032e-01
7.913615222561187768e-01
6.284408636325566899e-01
9.573164315498099430e-01
-5.444042288465548302e-02
1.759671580987794692e-01
-1.633945989252763853e-01
1.897719559808813128e-01
4.387134176608858960e-01
-3.090719792258621590e-01
-5.628375403460379456e-01
1.034424758722401611e-01
7.299910939721196979e-01
8.143005952403518100e-01
3.373929205920749852e-01
5.335024693722955069e-01
5.099544618396757434e-01
9.547301398478711398e-01
1.159785738573507086e+00
1.407751685287658594e+00
1.286557314467951407e+00
4.512699337223747831e-01
9.100866479813303211e-01
1.378049809924385194e+00
1.384611171620914627e+00
1.231154953102361116e+00
8.154174593820595618e-01
9.030788385012979980e-01
1.089581188523462085e+00
1.010420606419688561e+00
1.050756722300573154e+00
1.133162306979764056e+00
1.373515850685208317e+00
1.352758237800741004e+00
1.349072905047985049e+00
1.290637799350766279e+00
3.503889570039182000e-01
6.943029083853505812e-01
1.077633101511697999e+00
-1.944876322642045796e+00
-1.666725057749560257e+00
-1.378065775470661114e+00
-2.806655306769780811e-01
-1.221775752843638152e+00
1.935666804080800052e-01
2.659862604444129808e-01
2.139935043720781471e-01
8.528094887240275090e-01
9.735082191872730384e-01
1.201425600184297782e+00
1.502158173486980663e+00
1.517499161876787017e+00
1.198864219322693270e+00
5.626156374498667567e-01
4.640377258321718434e-01
-1.189543036452116898e+00
-1.975134865534510453e+00
-2.195938310646015967e+00
-2.008937865811653900e+00
1.208426163468983711e-01
-2.017736836925407395e+00
-1.813920298642726081e+00
-6.662637366679076134e-01
-6.676570964156083310e-01
-1.336797617775909996e+00
-2.168990036598693383e+00
-1.744583547531261214e+00
-9.155440474552839492e-01
-6.514673209569963319e-01
-6.838817186153214878e-03
-5.456374770260537244e-02
-3.189707706137333010e-01
-7.198935938393032918e-01
-6.806139481424886561e-01
-9.460370414630173141e-02
4.379343920862144302e-01
8.187081726241600688e-01
9.370382836723218922e-01
9.286505984037181083e-01
9.781063650236703211e-01
1.002517246006107143e+00
1.129600382468016084e+00
2.032202361813639502e-01
4.430063631437273219e-01
-2.678787565308705654e-01
2.150649994296607304e-01
3.449639555990670070e-01
2.383964994318971686e-01
5.497192829554047311e-01
9.222594994260429058e-01
9.765401835665499242e-01
2.701301712490671858e-01
9.445581305963899332e-01
8.451988170005384493e-01
7.871095081592585085e-01
1.575786650539237055e-01
2.182832213828265755e-01
1.292078857297713768e-01
1.676778783652454474e-01
1.879956238132030610e-01
-1.178884591212613575e+00
-7.698677278263962309e-01
-2.050283622399341699e+00
-2.258152085007295362e+00
-1.225355963125796865e+00
-8.157047420227138135e-01
-8.444792532104298255e-01
-2.365481273896609338e+00
-6.295170003547704285e-01
-1.238346350121504624e+00
-2.264921070326282315e+00
-3.316305006298332358e-01
-1.226869621459251991e-01
-4.283656710122955569e-01
-4.272033886727280572e-01
-1.100836041707121460e+00
-7.378716360089274673e-01
-2.274857375110553304e-02
-1.225230204979763871e+00
-1.536133284315567060e+00
-2.283516619727765207e+00
-1.608464852522371036e+00
-1.990868130439534145e+00
-5.248783866171684576e-01
-2.467443925711076957e+00
-7.932734327802803964e-01
-2.000945551516078336e+00
-1.904225334807283954e+00
-6.757703739782741637e-02
9.715987320599155375e-01
1.222776120986836634e+00
1.344334219207417691e+00
1.161239139412501675e+00
8.735235277655137853e-01
-3.163381773317325285e-01
-1.324628608786161177e+00
-5.234413768262140554e-01
3.461837270064417882e-01
7.797895453220737849e-01
6.335966013417626552e-01
-1.519330041942899667e+00
-3.176177106482719892e-01
5.790154944212270172e-01
6.060624108425356482e-01
9.311379258295177097e-01
1.181609680456878753e+00
1.095684829213055878e+00
1.268397033038117794e+00
9.268663303535573661e-01
1.244380213844656247e+00
1.176245047866771865e+00
7.324386956884288979e-01
7.822760517307822958e-01
8.685724483290198084e-01
-6.043778952545648675e-01
-3.113095985522770226e-01
3.196846313481473967e-01
1.055784826402350829e+00
1.303539166838064700e-01
-5.024701469120774755e-01
-2.476753544352701564e+00
-9.610419128917164766e-01
1.276638758872882806e-01
-7.798714201677284796e-01
6.306486783342850622e-01
8.641524253406686062e-01
5.791748664121296741e-01
-7.802584065483357534e-02
-9.126500205781545860e-02
-2.028396531637977340e-01
-9.644006138324767718e-01
1.094830404325568274e-01
6.766761821148572498e-01
7.914103430684598095e-01
5.088399971167680835e-01
6.711526606717117538e-01
6.779473736749070945e-01
7.082633217218858857e-01
3.315510212354622621e-01
-8.667312946801546403e-01
-3.853871739059973045e-01
-1.363161090742866843e+00
-2.058610711555126649e+00
-2.307894785706727347e+00
-6.809102986423455350e-01
-1.980834126864452926e+00
-5.231003798705360364e-01
5.291192910537738658e-01
1.028151416688174224e+00
8.579960973530879054e-01
3.912065025993438638e-01
6.770498109313091151e-01
-2.983988094713307948e-01
5.360359987267186987e-01
8.115914241042359034e-01
2.170304957935580425e-01
-1.415747014627596778e+00
-3.191955431628036299e-01
1.925396002162207132e-01
-1.476576911952117224e-02
-2.410957206477196024e+00
-5.515888982359705706e-01
-1.904259457791698473e+00
-3.450701692356089589e-01
4.507401035242776244e-01
1.226903775231992899e+00
1.090271541368450281e+00
7.940407435804675007e-01
-1.802916621878519310e+00
-5.071351914796310423e-01
4.612232650717367211e-01
-1.064705842806595582e-01
-1.849053604443896326e+00
-1.435811954682411351e-01
-5.008707189881566046e-01
-1.284616231216282323e+00
2.440567463828319794e-01
2.029398750453451361e-01
-2.176338197281266318e+00
-1.595168184811680323e+00
-2.428634180792481612e+00
-2.124966344495122339e+00
-7.631129358076030877e-01
-1.133304402762650875e+00
-5.367415017592099824e-01
-4.713671035638463680e-01
-5.521234065191590323e-01
-4.246333063224017601e-01
-4.676757672343214711e-01
-1.433551874179700703e-01
-4.911403915932051611e-01
2.029160149380490885e-01
1.390133650865754689e-01
5.499354689103755911e-01
3.693956155772085692e-01
1.594250214202943827e-01
-4.840083530836643000e-01
1.292840043884878609e-01
-4.933586070581635896e-01
-1.824191343360977102e+00
-1.922632772330882256e-01
-5.171584888504119348e-01
-5.151971810479483160e-01
-1.418418073876079877e-01
-9.443842268167068621e-01
-3.849040573295817169e-01
1.166967143289814601e-01
7.436580696817194358e-01
8.268689016614783061e-01
9.089908009497514874e-01
8.384919472543443941e-01
8.868168646311453962e-01
9.779408088854715797e-02
-1.701099020411482865e-01
5.111089790398962163e-02
-3.516061397236906472e-01
-3.218854261728646415e-01
1.150706426139737337e-01
2.783127298559789908e-01
1.455183705906125044e-02
-3.979260928132974384e-01
-3.076852955859691874e-01
-1.737275227234367669e+00
-2.460715582228898857e+00
-2.527895477707778671e+00
-2.490785382993912833e+00
-2.533310006806024806e+00
